14
15
26
27
30
31
32
33
34
35
57
58
59
60
61
62
63
64
65
66
67
68
69
70
71
72
73
74
75
76
77
79
80
81
82
83
84
85
86
87
88
89
90
91
92
93
94
97
98
121
142
161
162
164
165
166
170
171
179
180
194
195
206
207
210
211
212
213
214
215
237
238
239
240
241
242
243
244
245
246
247
248
249
250
251
252
253
254
255
256
257
259
260
261
262
263
264
265
266
267
268
269
270
271
272
273
274
277
278
301
322
341
342
344
345
346
350
351
359
360
369
370
371
372
373
374
375
376
377
378
379
380
381
382
383
384
385
386
387
388
389
390
391
392
393
394
395
396
